1 1.2401e-05
2 8.342e-06
3 8.055e-06
4 1.0092e-05
5 1.0138e-05
6 9.731e-06
7 9.925e-06
8 9.79e-06
9 8.215e-06
10 9.695e-06
20 1.0031e-05
30 8.273e-06
40 8.352e-06
50 8.476e-06
60 1.0202e-05
70 1.01e-05
80 1.0211e-05
90 1.1682e-05
100 1.0074e-05
200 1.0911e-05
300 1.0935e-05
400 9.8e-06
500 1.186e-05
600 1.2206e-05
700 1.0901e-05
800 1.2903e-05
900 1.3481e-05
1000 1.1896e-05
2000 1.7335e-05
3000 1.9467e-05
4000 2.5075e-05
5000 2.8532e-05
6000 3.2189e-05
7000 3.6142e-05
8000 4.1283e-05
9000 4.3415e-05
10000 4.7305e-05
20000 8.4186e-05
30000 0.000123047
40000 0.000157271
50000 0.000196111
60000 0.000235072
70000 0.000270526
80000 0.000307848
90000 0.000349095
100000 0.00039804
200000 0.000755099
300000 0.00113231
400000 0.00151036
500000 0.0018884
600000 0.00225253
700000 0.0026269
800000 0.00300092
900000 0.00338278
1000000 0.00375578
2000000 0.00748652
3000000 0.0112139
4000000 0.0149564
5000000 0.0186876
6000000 0.0224197
7000000 0.0261522
8000000 0.0298796
9000000 0.033623
10000000 0.0373544
20000000 0.0747092
30000000 0.112016
40000000 0.149492
50000000 0.18672
60000000 0.224098
70000000 0.261328
80000000 0.29865
90000000 0.336037
100000000 0.373313
