1 1.0032e-05
2 8.54e-06
3 1.0138e-05
4 9.844e-06
5 9.818e-06
6 8.329e-06
7 1.0021e-05
8 8.679e-06
9 8.557e-06
10 1.0329e-05
20 1.0364e-05
30 1.0583e-05
40 9.279e-06
50 1.1285e-05
60 1.1148e-05
70 1.1588e-05
80 1.1856e-05
90 1.1984e-05
100 1.2259e-05
200 1.4893e-05
300 1.7324e-05
400 1.9769e-05
500 2.2346e-05
600 2.4669e-05
700 2.7099e-05
800 2.9421e-05
900 3.2015e-05
1000 3.2697e-05
2000 5.934e-05
3000 8.3901e-05
4000 0.000108891
5000 0.000138768
6000 0.000163411
7000 0.000186333
8000 0.000207597
9000 0.000238126
10000 0.000262801
20000 0.000510657
30000 0.000750552
40000 0.00100388
50000 0.00124054
60000 0.00149436
70000 0.00175225
80000 0.00199905
90000 0.00222574
100000 0.00249175
200000 0.00497122
300000 0.00743515
400000 0.00988432
500000 0.0123656
600000 0.0148384
700000 0.0172878
800000 0.019767
900000 0.0222589
1000000 0.0247293
2000000 0.0494219
3000000 0.0742221
4000000 0.0988929
5000000 0.12358
6000000 0.148311
7000000 0.173059
8000000 0.19772
9000000 0.222499
10000000 0.247313
20000000 0.494413
30000000 0.741434
40000000 0.989112
50000000 1.23638
60000000 1.48332
70000000 1.73054
80000000 1.97751
90000000 2.22601
100000000 2.47267
