1 1.0332e-05
2 1.1179e-05
3 1.2729e-05
4 1.3146e-05
5 1.2384e-05
6 1.1385e-05
7 1.3163e-05
8 1.1842e-05
9 1.3962e-05
10 2.246e-05
20 1.772e-05
30 2.4194e-05
40 2.8828e-05
50 3.3819e-05
60 3.8401e-05
70 4.8719e-05
80 4.9458e-05
90 5.2702e-05
100 5.749e-05
200 0.000103789
300 0.000152693
400 0.000200576
500 0.000247075
600 0.000296035
700 0.000344038
800 0.00038978
900 0.000438921
1000 0.000492331
2000 0.000970095
3000 0.00144926
4000 0.00192637
5000 0.00240291
6000 0.00288298
7000 0.00335781
8000 0.00384498
9000 0.00431978
10000 0.00479873
20000 0.00958525
30000 0.0143672
40000 0.0191457
50000 0.0239289
60000 0.0287093
70000 0.0334971
80000 0.0382744
90000 0.043058
100000 0.0478399
200000 0.0956785
300000 0.14348
400000 0.191318
500000 0.239106
600000 0.286922
700000 0.334769
800000 0.382563
900000 0.430396
1000000 0.478223
2000000 0.956407
3000000 1.43456
4000000 1.9128
5000000 2.39098
6000000 2.87025
7000000 3.34735
8000000 3.82553
9000000 4.30371
10000000 4.78192
20000000 9.56363
30000000 14.3464
40000000 19.1272
50000000 23.9097
60000000 28.6916
70000000 33.4732
80000000 38.2558
90000000 43.0369
100000000 47.8189
