1 1.5202e-05
2 2.1954e-05
3 2.5558e-05
4 2.95e-05
5 3.5251e-05
6 3.9932e-05
7 4.6515e-05
8 5.2113e-05
9 5.7089e-05
10 6.1768e-05
20 0.000114111
30 0.00016712
40 0.000219732
50 0.000278682
60 0.000336741
70 0.000375908
80 0.000430177
90 0.000484499
100 0.000540581
200 0.00106566
300 0.00159556
400 0.00212181
500 0.00265405
600 0.00318042
700 0.00371089
800 0.00423965
900 0.00476527
1000 0.00529165
2000 0.0105714
3000 0.0158461
4000 0.0211258
5000 0.026405
6000 0.0316737
7000 0.0369513
8000 0.0422262
9000 0.0475007
10000 0.0528003
20000 0.10556
30000 0.158302
40000 0.211072
50000 0.263828
60000 0.316632
70000 0.369367
80000 0.422107
90000 0.474905
100000 0.527628
200000 1.0553
300000 1.58291
400000 2.11052
500000 2.6382
600000 3.16587
700000 3.6934
800000 4.22111
900000 4.74963
1000000 5.27637
2000000 10.5523
3000000 15.8301
4000000 21.1065
5000000 26.3837
6000000 31.6593
7000000 36.9365
8000000 42.2137
9000000 47.489
10000000 52.7659
20000000 105.533
30000000 158.296
40000000 211.064
50000000 263.827
60000000 316.605
70000000 369.366
80000000 422.134
90000000 474.894
100000000 527.666
